              precision    recall  f1-score   support

           0       0.86      0.77      0.82       300
           1       0.71      0.52      0.60       216
           2       0.50      0.06      0.10        86
           3       0.71      0.11      0.19        46
           4       0.71      0.24      0.36        83
           5       0.00      0.00      0.00         0
           6       0.71      0.71      0.71       245
           7       0.73      0.19      0.30        42
           8       0.83      0.43      0.57       127
           9       1.00      0.33      0.50        12
          10       0.75      0.52      0.61       127
          11       0.38      0.21      0.27        14
          12       0.74      0.42      0.54       106
          13       0.00      0.00      0.00         0

   micro avg       0.76      0.52      0.62      1404
   macro avg       0.62      0.32      0.40      1404
weighted avg       0.75      0.52      0.59      1404
 samples avg       0.75      0.58      0.61      1404