              precision    recall  f1-score   support

           0       0.61      0.97      0.75       300
           1       0.46      0.93      0.61       216
           2       0.23      0.85      0.36        86
           3       0.07      0.76      0.14        46
           4       0.19      0.94      0.32        83
           5       0.00      0.00      0.00         0
           6       0.00      0.00      0.00       245
           7       0.09      0.69      0.16        42
           8       0.26      0.99      0.41       127
           9       0.02      0.58      0.05        12
          10       0.27      0.80      0.40       127
          11       0.03      0.29      0.05        14
          12       0.17      0.71      0.27       106
          13       0.00      0.00      0.00         0

   micro avg       0.24      0.73      0.36      1404
   macro avg       0.17      0.61      0.25      1404
weighted avg       0.29      0.73      0.40      1404
 samples avg       0.25      0.74      0.35      1404