              precision    recall  f1-score   support

           0       0.68      0.97      0.80       300
           1       0.82      0.39      0.53       216
           2       0.60      0.03      0.07        86
           3       0.00      0.00      0.00        46
           4       0.80      0.05      0.09        83
           5       0.00      0.00      0.00         0
           6       0.78      0.81      0.80       245
           7       0.40      0.05      0.09        42
           8       1.00      0.04      0.08       127
           9       0.00      0.00      0.00        12
          10       0.43      0.02      0.04       127
          11       0.00      0.00      0.00        14
          12       1.00      0.05      0.09       106
          13       0.00      0.00      0.00         0

   micro avg       0.71      0.42      0.53      1404
   macro avg       0.47      0.17      0.18      1404
weighted avg       0.71      0.42      0.42      1404
 samples avg       0.72      0.47      0.53      1404