              precision    recall  f1-score   support

           0       0.60      1.00      0.75       300
           1       0.00      0.00      0.00       216
           2       0.00      0.00      0.00        86
           3       0.00      0.00      0.00        46
           4       0.00      0.00      0.00        83
           5       0.00      0.00      0.00         0
           6       0.00      0.00      0.00       245
           7       0.00      0.00      0.00        42
           8       0.00      0.00      0.00       127
           9       0.00      0.00      0.00        12
          10       0.00      0.00      0.00       127
          11       0.00      0.00      0.00        14
          12       0.00      0.00      0.00       106
          13       0.00      0.00      0.00         0

   micro avg       0.60      0.21      0.32      1404
   macro avg       0.04      0.07      0.05      1404
weighted avg       0.13      0.21      0.16      1404
 samples avg       0.60      0.26      0.34      1404
